&indata
    lasym = .false.
    nfp = 2
    rbc(-10:10,0) = , , , , , , , , , , 1.035523951824523, -0.04016920600214124,
                    0.0002351482886167687, 0.0003794581656079764, 0.0009457826780127698,
                    -1.751425605355542e-05, -9.467921941948693e-06, 1.215156730790633e-06,
                    2.167698092487773e-06, -2.070606460121837e-07, -8.230008567843382e-08
    rbc(-10:10,1) = -4.580007629767564e-08, 4.322707400123693e-07, -1.345237445228133e-06,
                    -4.768353988858787e-07, -6.831535223961737e-06, 0.0001123359335928571,
                    -0.0004071212468098555, -0.000585226639738398, -0.0005201038229868946,
                    0.02360047363188507, -0.1776204818331407, -0.05102638493798548,
                    0.002519408649895828, 2.495018329580417e-06, -0.0002018584500971174,
                    -5.121948464883406e-05, -1.71165391862039e-06, 1.195620104465097e-06,
                    -6.616278016565702e-07, -2.124734036905047e-07, 9.693124588237917e-08
    rbc(-10:10,2) = 6.842414154766515e-08, -1.428578921047777e-07, -1.990704102796008e-07,
                    1.077392822965416e-07, 3.168106550032113e-06, -2.448976536299203e-05,
                    -7.047281612279521e-05, -0.0003446751760568846, 0.0002180657659037784,
                    -0.004508984960936375, -0.0501729216157275, -0.0243109907219719,
                    0.002944052301942695, -0.0002398919508286766, -0.0001352928499670777,
                    2.933209768229518e-05, -4.757189780091292e-06, 9.358659333025505e-07,
                    -5.80710051824917e-07, 7.910187025332232e-08, 1.484753045727368e-08
    rbc(-10:10,3) = -9.950612266087057e-09, -2.707184476137074e-08, 2.307402607239602e-07,
                    2.52093547563699e-07, -2.656117039546894e-06, 4.105432963902813e-06,
                    2.769052569083404e-05, -0.0001143299981271411, -0.0004114433190436064,
                    0.001108667127538109, -0.02601036481455193, -0.01232276498646729,
                    0.002721939776493117, -0.0002981010690037673, -4.5466828093332e-06,
                    2.566147251195371e-05, -8.792624792146839e-06, 1.659553214061082e-06,
                    -7.014037110189787e-08, 5.798771488792617e-08, -1.813319289057197e-08
    rbc(-10:10,4) = -1.027904847947818e-08, 2.155517614919377e-08, -2.071895248493298e-08,
                    -3.056754730038415e-08, 2.314218053158867e-07, 1.900663853064839e-06,
                    1.306061216547178e-05, -0.0001090279200851105, -0.0001116629259497537,
                    -0.000142481780645112, -0.009877054474929335, -0.006714733711986999,
                    0.002083023720702609, -0.0002928729676999423, 1.860909967497743e-05,
                    1.599329603032998e-05, -9.239420931663238e-06, 2.1907826215622e-06,
                    -2.555449783480067e-07, 2.529617427131379e-08, -2.662963245140294e-09
    rbc(-10:10,5) = -3.963120116481866e-09, 7.319309392603836e-09, -3.719333153559148e-08,
                    1.139185363974122e-07, -2.018838336034179e-07, 9.690014257497763e-07,
                    5.241843240429771e-06, -6.007481506801013e-05, -0.0001236324408339441,
                    6.757480491772664e-05, -0.004637136694574182, -0.003704673335287096,
                    0.00149552233331681, -0.000272556137431437, 2.378265133604454e-05,
                    1.009693999839337e-05, -7.620434037748588e-06, 2.444351893657994e-06,
                    -3.95710948996744e-07, 3.443404181659951e-08, -2.544953852341036e-09
    rbc(-10:10,6) = -2.843053377924367e-09, 1.01248198365675e-08, -3.204325095724383e-08,
                    5.685793796740082e-08, -1.473357548171702e-08, 3.878003843939264e-07,
                    4.598975431801948e-06, -4.434570047476394e-05, -6.370891302744502e-05,
                    8.375637753278673e-06, -0.002147553936316371, -0.00212930826636287,
                    0.001034731003367564, -0.0002322234004385905, 2.665883286924429e-05,
                    5.96902699160198e-06, -6.063995980307083e-06, 2.321169029677618e-06,
                    -4.821442415015242e-07, 5.560891388664992e-08, -4.554245751292308e-09
    rbc(-10:10,7) = -3.094221880730409e-09, 9.92687173969839e-09, -3.310872067219942e-08,
                    6.814429630764003e-08, -4.004578870210437e-09, 1.212684748305245e-07,
                    3.602279904054637e-06, -3.06540252192821e-05, -3.688742013713522e-05,
                    3.160378218878509e-06, -0.001048590956898856, -0.001244489297407711,
                    0.0006991969251575538, -0.0001876215230097219, 2.675673731829141e-05,
                    3.035981803100865e-06, -4.607715685628228e-06, 2.039623875590245e-06,
                    -5.076734737671474e-07, 7.491244378572749e-08, -6.88435225945e-09
    rbc(-10:10,8) = -3.239791640194414e-09, 1.063466208619292e-08, -3.151233900688586e-08,
                    6.001321433060778e-08, 2.969363252593487e-09, -4.226453669873818e-08,
                    3.331237348712487e-06, -2.408276913192787e-05, -1.211415124234116e-05,
                    -1.13038723131141e-05, -0.0005178130935980103, -0.0007407636901027149,
                    0.0004664395518044173, -0.0001461247216962152, 2.505026212970093e-05,
                    9.509770486462006e-07, -3.411557583819417e-06, 1.701748215448869e-06,
                    -4.886588215551324e-07, 8.740739858987503e-08, -9.798415985098139e-09
    rbc(-10:10,9) = -2.558825116964203e-09, 1.012454486653873e-08, -3.117583233836942e-08,
                    5.523029075628918e-08, -2.822670699207776e-08, -6.84983294543363e-08,
                    2.578040162551496e-06, -2.03122971328786e-05, 8.310611994753604e-06,
                    -2.962822204160471e-05, -0.0002350640433532392, -0.000442512493921312,
                    0.0003072662232897204, -0.0001107676737472908, 2.184654942635505e-05,
                    -3.870523830273745e-07, -2.469181281053163e-06, 1.364331726033773e-06,
                    -4.422215069274392e-07, 9.061211867224182e-08, -1.210081295432831e-08
    rbc(-10:10,10) = -1.362451760416712e-09, 9.148260155908528e-09, -2.680389422654914e-08,
                     4.353305989685731e-08, -7.074992022839572e-08, 6.189258601749866e-10,
                     1.172058696127879e-06, -1.716976877636316e-05, 2.485005832264232e-05,
                     -5.485080345430444e-05, -8.594898722953128e-05, -0.0002579699209580649,
                     0.0002033028449334907, -8.470487845066878e-05, 1.909793695876673e-05,
                     -1.198248837026959e-06, -1.722934263612901e-06, 1.065231389077656e-06,
                     -3.854777578401961e-07, 9.024747519446282e-08, -1.430211751532871e-08
    zbs(-10:10,0) = , , , , , , , , , , 0.0, -0.04548409460520685, 0.0001747247450209108,
                    -7.852554916894773e-05, 0.0002315799907498572, -7.975315123613338e-06,
                    -5.892508506629615e-06, 1.270652961164955e-06, 2.557697831148701e-07,
                    1.165733042732927e-07, -4.014050885370954e-08
    zbs(-10:10,1) = -1.455805952061657e-08, -1.954799244780314e-07, 1.162901494472623e-06,
                    -8.36478299567802e-07, 5.510704151484687e-07, -5.560281344899336e-05,
                    0.0002627403148276649, -0.0004318269761056122, 0.0007053464375302424,
                    -0.01737180959262777, 0.3527182661343999, -0.03609974926116865,
                    0.002393315482086352, -0.0001572186007096737, 0.0004078381400787924,
                    -3.605225749268677e-05, -5.012767265879688e-06, 8.343040725280202e-08,
                    9.293312859693127e-07, -1.263008872381895e-07, -3.010778150415553e-09
    zbs(-10:10,2) = -2.502300629591536e-08, 1.630875296334241e-07, -2.555879399864765e-07,
                    2.88478133790742e-07, -2.048077051794006e-06, 1.681141402485958e-05,
                    -4.317027037877458e-05, -0.0003543822574122722, -0.0009016015504394848,
                    0.005169717467518759, 0.01503245178160475, -0.01947621417958031,
                    0.002858618571272274, -7.064551761219325e-05, -0.0001637821686081893,
                    -1.890938733259791e-05, -3.378433644232856e-06, 8.547473869566841e-07,
                    -8.062968501229557e-07, -8.499906454263668e-08, 3.614290121536922e-08
    zbs(-10:10,3) = 2.548066295747506e-08, -2.864557235418225e-08, -1.270059704745938e-07,
                    -2.896260405162009e-08, 2.094056332737036e-06, -1.307627844792481e-06,
                    -5.800818304351378e-05, -6.442034543987084e-05, -3.922708459013028e-05,
                    -0.001144668668093493, 0.01385389067947833, -0.00885605301908431,
                    0.002495273319000776, -0.0002680423977580304, -6.282731543459479e-05,
                    1.440174621423556e-06, -3.862975260279414e-06, 1.871073657301939e-06,
                    -4.478439935834214e-07, 4.721635238769985e-08, 1.366143310684181e-08
    zbs(-10:10,4) = 5.224926577919086e-10, -3.156035448197611e-08, 7.471072124228489e-08,
                    7.957644178303051e-08, 7.551141055805888e-08, 7.874892013719494e-07,
                    -9.667497882620906e-06, -2.394152360681823e-05, -0.0001891027030711526,
                    -4.253068713954841e-05, 0.003857846816507133, -0.004932440393453976,
                    0.001927694483192409, -0.0002808674211261797, 2.635608692036069e-05,
                    5.87360610189561e-06, -4.522829870186662e-06, 1.956028886657336e-06,
                    -2.508376851770813e-07, 7.074190226801697e-08, 1.272094537349339e-09
    zbs(-10:10,5) = -3.251369423036289e-09, -6.619740179712837e-09, 5.203212077844946e-08,
                    -4.086986821359417e-08, 3.633550373008025e-07, 1.189281074602929e-06,
                    -5.304241957781911e-06, -1.829167575393757e-05, -6.23459219370406e-05,
                    -0.0001974312683144059, 0.001998256912527444, -0.002723475471765111,
                    0.001369205490234229, -0.0002558998306251669, 3.430418584066103e-05,
                    2.896853122032357e-06, -4.004025921371251e-06, 1.99245838834301e-06,
                    -4.002635935150917e-07, 5.66259417941368e-08, 3.327061608928203e-09
    zbs(-10:10,6) = 1.792015472918023e-09, -1.044768833653159e-08, 3.341321387506804e-08,
                    -1.549145019120417e-08, 1.761939028938367e-07, 1.031529027020678e-06,
                    -4.964621293725488e-06, -5.908964860045876e-06, -4.917162874741587e-05,
                    -9.438308334483924e-05, 0.0009633471976668668, -0.001591207492440023,
                    0.0009458900244974271, -0.0002188985321495518, 3.581146856567609e-05,
                    5.355668707677173e-07, -3.3520034762738e-06, 1.862049088187238e-06,
                    -4.764927387779627e-07, 6.533276731431469e-08, 1.919384548286363e-09
    zbs(-10:10,7) = 1.981088019557981e-09, -1.058444130358545e-08, 3.186411786040592e-08,
                    -3.446442390138053e-08, 1.509547572954112e-07, 8.532889388862908e-07,
                    -4.206745378855283e-06, -2.946584087311263e-07, -3.227696741136276e-05,
                    -5.532802618989395e-05, 0.0004968136664559037, -0.0009490969288318138,
                    0.0006386096188873001, -0.0001770207112478851, 3.333637892947513e-05,
                    -1.070472356121948e-06, -2.59977590180413e-06, 1.625042703550903e-06,
                    -4.897468572207277e-07, 7.937646823822033e-08, -1.488885107015545e-09
    zbs(-10:10,8) = 1.012865340998734e-09, -9.113922996876159e-09, 2.891680523451042e-08,
                    -3.681165132912765e-08, 1.243959644538584e-07, 6.699692817694737e-07,
                    -3.931630586909274e-06, 4.973645092120059e-06, -2.987112366423131e-05,
                    -2.128549120615752e-05, 0.0002578439263360256, -0.0005778446210112159,
                    0.0004268773017928312, -0.0001377420176502804, 2.950667693162134e-05,
                    -2.060647806880079e-06, -1.919525422025836e-06, 1.365373397274712e-06,
                    -4.643611290640118e-07, 8.890560509627214e-08, -4.606053151751799e-09
    zbs(-10:10,9) = 3.821254825455454e-10, -6.145562064159321e-09, 2.699321433665143e-08,
                    -4.693938917018639e-08, 1.355626572650396e-07, 3.292085281675063e-07,
                    -3.386134592428123e-06, 8.313797685689466e-06, -3.323205697943106e-05,
                    5.967678307970903e-06, 0.0001315266136446012, -0.000356116169975774,
                    0.0002826530720285242, -0.0001038079860469721, 2.49752531351679e-05,
                    -2.519202455571624e-06, -1.334095580957575e-06, 1.112991890446905e-06,
                    -4.150823830884458e-07, 9.079106765238951e-08, -7.185992494802037e-09
    zbs(-10:10,10) = 8.328630360795701e-10, -2.974719387040048e-09, 1.611104391580638e-08,
                     -6.385582976449452e-08, 1.549481248997146e-07, -1.719831363946309e-07,
                     -2.34181102591661e-06, 9.698212293984884e-06, -4.086255173893452e-05,
                     3.808962789947598e-05, 4.121812123462659e-05, -0.0002201389193581664,
                     0.0001901010921664658, -7.809222706065417e-05, 2.109795628544158e-05,
                     -2.776467215356086e-06, -8.704506148945922e-07, 8.951166066013186e-07,
                     -3.687981935572293e-07, 8.83210202630053e-08, -8.293534778788818e-09
    pres_scale = 641275.6480958713
    am = 1.0, -2.0, 1.0, 0.0, 0.0, 0.0, 0.0, 0.0, 0.0, 0.0, 0.0
    mpol = 10
    ntor = 10
    ns_array = 16, 49
    ftol_array = 1e-08, 1e-10
    niter_array = 2000, 10000
    ncurr = 1
    curtor = 762614.0102574584
    ac = 1.0, -1.0, 0.0, 0.0, 0.0, 0.0, 0.0, 0.0, 0.0, 0.0, 0.0
    lfreeb = .false.
    nstep = 200
/
