&indata
    lasym = .false.
    nfp = 2
    rbc(-10:10,0) = , , , , , , , , , , 1.026404914176421, 0.03982364168077401,
                    -0.0007017504948322299, -6.298166444261071e-05, -3.121681366475985e-05,
                    -5.407383616162033e-05, 0.0001088086970671272, 1.703577084311202e-05,
                    1.700603752959064e-06, -2.155688466667909e-07, -1.719156139411578e-07
    rbc(-10:10,1) = 5.573836105480959e-08, -4.199121905973983e-08, -1.4910326044246e-06,
                    -1.528794451489885e-05, -3.048851447343236e-05, 4.884194942559094e-05,
                    -2.562491559834064e-05, 4.103913020059917e-05, -0.001128682303103835,
                    -0.03245573540645624, -0.1536998155606416, 0.0547678977823618,
                    0.002223853070508638, -9.235373231974688e-06, 1.047817700452269e-05,
                    -1.186387628453128e-05, 3.78127952030006e-06, 1.56885787235995e-05,
                    5.760141909201539e-06, 1.026010159420871e-06, -1.590537301799557e-07
    rbc(-10:10,2) = -5.523555201776742e-09, 2.330666231723504e-07, 1.96383947739434e-06,
                    7.305809634484264e-06, -4.497250848926246e-06, 4.260786469326907e-05,
                    5.625089596493999e-05, 4.507113298869744e-05, 0.000894399669521491,
                    0.006260926212282272, -0.03710851880877344, 0.02968898867308908,
                    0.003147914726888836, 0.000121016310153653, 1.335882969532568e-05,
                    1.541243004403493e-05, -3.37612825789381e-05, -6.654772263867452e-06,
                    2.24422662284789e-06, 1.607729787346052e-06, 2.677116618601073e-07
    rbc(-10:10,3) = -1.219167546853068e-07, -2.976668014138534e-07, -6.896152753373412e-07,
                    -1.023610150815744e-07, 4.889538332599394e-06, -2.338678580994739e-06,
                    3.047662605885195e-05, -3.514354601656742e-05, -0.0003543991748228758,
                    -0.00258093893219572, -0.01816263883712435, 0.01596942331275255,
                    0.002908387102536433, 0.000240253041390687, -8.127915528110115e-07,
                    1.281154972095268e-05, -4.780992799377058e-06, -9.213685696182824e-06,
                    -2.425532161856628e-06, 8.446103761847873e-07, 4.484088705101975e-07
    rbc(-10:10,4) = -4.841975177823466e-08, -8.554933163703957e-08, 6.998529835109326e-08,
                    -3.614374510988588e-07, -1.283306920917801e-06, -1.402952668401658e-05,
                    -2.932003026209825e-05, -6.221953367256804e-06, 0.0001018115761101919,
                    0.0001714639786875436, -0.006160541492946246, 0.008181276994215904,
                    0.002115031411085196, 0.0002341812757128284, 1.533487299481416e-05,
                    4.299816170913632e-06, -1.474421249501884e-06, -5.580733041523535e-06,
                    -3.752237412631887e-06, -1.832271209974125e-07, 2.956917693215686e-07
    rbc(-10:10,5) = -4.465897470075242e-08, -8.648427303154592e-08, -1.256084926479519e-07,
                    -4.235871718593243e-07, -2.808527479876892e-06, -1.167757802323588e-05,
                    -3.933364562747226e-05, -1.243198494837177e-05, -2.723071877675802e-05,
                    -0.0002057996453704791, -0.003043406343984188, 0.004238520725581007,
                    0.001475476305298476, 0.0002030788126177097, 1.88489196428088e-05,
                    4.409361695086868e-06, -1.156842691358087e-06, -3.905978463201436e-06,
                    -3.482894066118394e-06, -8.373881999931668e-07, 1.099048561730891e-07
    rbc(-10:10,6) = -2.984096236050369e-08, -1.989879260849419e-08, -8.382114479481339e-09,
                    -2.352566566511163e-07, -1.788765735809079e-06, -8.958365335686167e-06,
                    -3.384021082608179e-05, 1.0017869371184e-05, 1.616296594524517e-05,
                    -2.334472282394623e-05, -0.001441409266509537, 0.00215474118609831,
                    0.0009702403729255462, 0.0001626040892122133, 1.524805271208879e-05,
                    2.571984979105156e-06, -2.669980572583588e-08, -2.786753084366136e-06,
                    -2.805741821392127e-06, -1.10145101934244e-06, -5.4802622745529e-08
    rbc(-10:10,7) = -2.169440106451995e-08, -1.074858433680968e-08, -1.228646217948358e-08,
                    -2.446918349581295e-07, -1.187671455141994e-06, -5.697051787865737e-06,
                    -2.443524160914581e-05, 1.949702025567442e-05, 7.943487063601533e-06,
                    -2.205503829480075e-05, -0.0007699965651227518, 0.001108256555059762,
                    0.0006186704100798437, 0.0001251762236146387, 1.075913284783594e-05,
                    8.357058537882091e-07, 8.018125111480587e-08, -1.837182473868989e-06,
                    -2.093261060982602e-06, -1.097750804622977e-06, -1.808784754675309e-07
    rbc(-10:10,8) = -1.735507941330188e-08, 7.004693815188541e-10, 1.583516239135918e-08,
                    -1.802502718487955e-07, -8.081820724110925e-07, -3.517530404995919e-06,
                    -1.66401258052182e-05, 2.423377054444257e-05, 1.062298131675544e-05,
                    -3.18691031499175e-06, -0.000396908543814991, 0.0005650430631002739,
                    0.0003834889286137371, 9.512547526863912e-05, 6.495431966040103e-06,
                    -4.408132267789898e-07, -2.190543811262711e-07, -1.198699730713609e-06,
                    -1.491827474093176e-06, -9.488963107242661e-07, -2.450481410823159e-07
    rbc(-10:10,9) = -1.535939450075853e-08, -8.867735661680275e-09, 3.053133634711703e-08,
                    -9.665174174325479e-08, -5.231824800195353e-07, -1.82126004565282e-06,
                    -1.154067584638541e-05, 2.306000295573849e-05, 1.064128196172732e-05,
                    3.506906380246819e-06, -0.0001822518053666819, 0.0002879261992258747,
                    0.0002344116698403259, 7.170937999385981e-05, 2.258154663407435e-06,
                    -1.177644955901962e-06, -5.106042900120602e-07, -7.903750544763019e-07,
                    -1.031656210088807e-06, -7.536511506099464e-07, -2.562464069694902e-07
    rbc(-10:10,10) = -7.937555621840677e-09, -3.241340687049839e-08, 3.912040239463048e-08,
                     -1.41583825087032e-08, -3.017084921366115e-07, -2.709077126362915e-07,
                     -8.630483049830848e-06, 1.924847379457125e-05, 1.294708190506026e-05,
                     1.083361516083955e-05, -5.055473539809604e-05, 0.0001086894241823039,
                     0.00014257356663317, 5.59195200387183e-05, -1.868107374321012e-06,
                     -2.997993785999249e-06, -8.786708168299926e-07, -6.199107334099082e-07,
                     -6.995320095723457e-07, -5.570387854849688e-07, -2.379879242385882e-07
    zbs(-10:10,0) = , , , , , , , , , , 0.0, 0.03981298292884054, -0.000574705786743674,
                    -6.597292898415039e-05, 2.571086951372682e-05, 2.185753491290903e-05,
                    5.307912830942831e-06, -2.297443160733358e-06, 9.574232804579963e-07,
                    1.341908508669061e-07, 2.396143085909275e-07
    zbs(-10:10,1) = 1.823255632409416e-07, 1.430642644047591e-07, -1.31989038068141e-07,
                    2.394108960600907e-06, 4.561280940458044e-05, 4.098216328071224e-05,
                    -1.679272484043899e-05, -1.905017832961671e-06, 0.001056081613312257,
                    0.02607904256830912, 0.4132598946175502, 0.04168626321401195,
                    0.001844845088624561, -1.583255025548465e-06, -1.175077318380919e-05,
                    3.191116322250063e-05, 6.744310230023283e-05, 1.254903113015804e-06,
                    1.041951135124957e-06, 6.641651693540277e-07, 2.192397500965927e-07
    zbs(-10:10,2) = 2.473268784865177e-07, 6.51693611152764e-10, -6.160752637084293e-07,
                    -5.095281348095455e-06, -4.790532559412614e-06, 6.172785582300051e-05,
                    4.985101511381861e-05, -3.4409414349123e-05, -0.0008011490327639104,
                    -0.007307872017253407, 0.02381651867417823, 0.02532274432876803,
                    0.002988977978693606, 0.0001191045752188038, -8.25191025629104e-06,
                    -1.417968084530116e-06, -1.877356723985366e-05, 8.923718677677352e-07,
                    -8.922752856932699e-07, 6.480251171626132e-07, 2.284424779547204e-08
    zbs(-10:10,3) = -5.82238305946778e-08, -5.538950918443923e-08, 4.936970934289332e-07,
                    9.209754872935295e-07, -1.638242216222295e-05, -1.556831919387233e-06,
                    2.716712926484059e-05, 8.995228616557642e-06, 0.0002890422972262604,
                    0.001624923412725851, 0.0181031368158642, 0.01330392140404688,
                    0.002732452660706977, 0.0002332568494262982, 6.845861880337743e-06,
                    -2.394740774794302e-06, -2.935463382934878e-05, -1.17160871483431e-06,
                    -2.30456717015839e-06, -1.74254848598018e-08, 1.377062327698725e-07
    zbs(-10:10,4) = -1.19100286163934e-07, -1.870154521027065e-07, -2.330362048304143e-07,
                    3.526020224642924e-07, -3.319898105454595e-06, -2.061524626625398e-05,
                    -3.674310415344614e-05, -3.745355430164954e-05, -0.000120811301104581,
                    -0.0004516843791656697, 0.004136094127007392, 0.007175978674997374,
                    0.001994956113099675, 0.0002374417004929757, 1.942165471625271e-05,
                    7.793078091717346e-06, -1.772501784485213e-06, -3.165104712732248e-06,
                    -2.1456572739034e-06, -5.637645199087339e-07, 1.579200252161543e-07
    zbs(-10:10,5) = 2.227747107383645e-09, 8.389405269080445e-09, 8.802038271387271e-08,
                    1.915106871280771e-07, 8.433607217786397e-07, -7.875139768706745e-06,
                    -3.80322037269762e-05, -7.985125566230491e-06, 1.309653559495041e-05,
                    3.23583154897964e-05, 0.001810865604785374, 0.003768752730679351,
                    0.001383660169863187, 0.0002015978778342769, 1.902301993662442e-05,
                    3.083170622652787e-06, 3.398283116816596e-06, -2.261721702775284e-06,
                    -1.774189853397439e-06, -8.029170274092576e-07, -6.194194059568024e-09
    zbs(-10:10,6) = 2.579621942648397e-08, 3.195059422213413e-08, 5.912458439916599e-08,
                    7.312945202947883e-08, -1.09005333797852e-10, -3.053048253272462e-06,
                    -2.784110798961578e-05, 2.906016968884832e-06, -1.409942751873271e-05,
                    -6.341109497272538e-05, 0.0005353694495033363, 0.001993492789329943,
                    0.0009156175761707299, 0.0001594548769875252, 1.686127628372282e-05,
                    1.03956692334723e-06, 2.174484445868924e-06, -1.023115771275321e-06,
                    -1.363653236837868e-06, -8.445563743282775e-07, -1.355773662336737e-07
    zbs(-10:10,7) = 2.303483919867545e-08, 4.05050540869279e-08, 5.546760490166245e-08,
                    1.229530007404462e-07, 2.540541871026667e-07, -6.423046614298691e-07,
                    -1.744125842466394e-05, 1.275638450056768e-05, -1.838005661095204e-06,
                    -2.988328413944813e-05, 0.0001570575412386234, 0.00105281628170357,
                    0.0005860390321315609, 0.0001195647601505584, 1.30735475517413e-05,
                    1.913169725579584e-07, 1.303529088752261e-06, -4.417245401985679e-07,
                    -9.346102772596068e-07, -7.569543899024647e-07, -1.981843438664861e-07
    zbs(-10:10,8) = 2.127338862624645e-08, 3.34709546492928e-08, 2.063703907099755e-08,
                    6.725955859057427e-08, 3.271527466279344e-07, 6.213309288512541e-07,
                    -9.850497360624506e-06, 1.400601434902686e-05, -4.953676897792621e-06,
                    -2.787063384310599e-05, -1.255855738146637e-05, 0.0005607833421903264,
                    0.0003655029942211219, 8.542385899657192e-05, 9.743936777793979e-06,
                    -6.663827884507538e-07, 4.61809977853199e-07, -1.844210587070277e-07,
                    -6.177199288736377e-07, -6.147117403971322e-07, -2.211591789742399e-07
    zbs(-10:10,9) = 1.65372655761585e-08, 3.366058958828845e-08, 1.688087231853104e-09,
                    3.277403778694315e-08, 2.067858063997372e-07, 1.011356412362542e-06,
                    -4.955471604355148e-06, 1.210455417525597e-05, -7.078560169202904e-06,
                    -2.287511285277821e-05, -7.532074287464317e-05, 0.0003022418451736821,
                    0.0002238927164833094, 5.798833958337705e-05, 7.709979600896572e-06,
                    -1.128981210082067e-06, -1.768202225039765e-07, -8.899754791427838e-08,
                    -4.031973688402333e-07, -4.721827907097937e-07, -2.123238435600812e-07
    zbs(-10:10,10) = 2.885755618704153e-09, 3.613196050839255e-08, -7.982218622439782e-09,
                     4.54221599469299e-09, 1.045830617541756e-07, 9.061647921882706e-07,
                     -1.985145600091591e-06, 9.257292155716457e-06, -1.183556652509521e-05,
                     -2.57521681195351e-05, -0.0001048091674353014, 0.0001363614755620991,
                     0.0001345088821765415, 3.744060189377331e-05, 6.838033415537548e-06,
                     -1.416945344706443e-06, -6.649318730787542e-07, -1.510694223215112e-07,
                     -2.756169427655414e-07, -3.556781696123331e-07, -1.965619880506989e-07
    pres_scale = 646760.6120012556
    am = 1.0, -2.0, 1.0, 0.0, 0.0, 0.0, 0.0, 0.0, 0.0, 0.0, 0.0
    mpol = 10
    ntor = 10
    ns_array = 16, 49
    ftol_array = 1e-08, 1e-10
    niter_array = 2000, 10000
    ncurr = 1
    curtor = 850160.4479714172
    ac = 1.0, -1.0, 0.0, 0.0, 0.0, 0.0, 0.0, 0.0, 0.0, 0.0, 0.0
    lfreeb = .false.
    nstep = 200
/
