 THIS IS PARVMEC (PARALLEL VMEC), VERSION 9.0
 Lambda: Full Radial Mesh. L-Force: hybrid full/half.

 COMPUTER: x86_64-conda-linux-gnu   OS:    RELEASE: x86_64  DATE = Mar 19,2026  TIME = 10:47:14
 SHOT ID.: 0019548  SEQ. NO.:   0
 TIME SLICE =    0. ms

 COMPUTATION PARAMETERS: (u = theta, v = zeta)
 ---------------------------------------------
     ns     nu     nv     mu     mv
     49     26     24     10     10

 CONFIGURATION PARAMETERS:
 ---------------------------------------
    nfp      gamma      spres_ped    phiedge(wb)     curtor(A)        lRFP
      2  0.000E+00      1.000E+00      1.000E+00     8.502E+05           F

 RUN CONTROL PARAMETERS:
 -----------------------
  ncurr  niter   nsin  nstep  nvacskip      ftol     tcon0    lasym  lforbal lmove_axis lconm1
      1  10000     16    200         1  1.00E-10  1.00E+00        F        F        T        T
  mfilter_fbdy nfilter_fbdy lfull3d1out max_main_iterations lgiveup fgiveup
           -1           -1           F                   1       F  3.0E+01

 PRECONDITIONER CONTROL PARAMETERS:
 ----------------------------------
  precon_type   prec2d_threshold
  NONE                  1.00E-30

 Pressure profile factor:  6.4676E+05 (multiplier for pressure)
 MASS PROFILE COEFFICIENTS - newton/m**2 (EXPANSION IN NORMALIZED RADIUS):
 PMASS parameterization type is 'power_series'
 -----------------------------------
   1.000E+00  -2.000E+00   1.000E+00

 TOROIDAL CURRENT DENSITY (*V') COEFFICIENTS ac (EXPANSION IN NORMALIZED RADIUS):
 PCURR parameterization type is 'power_series'
 --------------------------------------
   1.000E+00  -1.000E+00   0.000E+00   0.000E+00   0.000E+00   0.000E+00
   0.000E+00   0.000E+00   0.000E+00   0.000E+00   0.000E+00   0.000E+00
   0.000E+00   0.000E+00   0.000E+00   0.000E+00   0.000E+00   0.000E+00
   0.000E+00   0.000E+00   0.000E+00
   1.000E+00  -1.000E+00

 NORMALIZED TOROIDAL FLUX COEFFICIENTS aphi (EXPANSION IN S):
 -----------------------------------
   1.000E+00

 R-Z FOURIER BOUNDARY COEFFICIENTS AND MAGNETIC AXIS INITIAL GUESS
 R = RBC*COS(m*u - n*v) + RBS*SIN(m*u - n*v), Z = ZBC*COS(m*u - n*v) + ZBS*SIN(m*u-n*v)
 --------------------------------------------------------------------------------------
   nb  mb     rbc         rbs         zbc         zbs       raxis(c)    raxis(s)    zaxis(c)    zaxis(s)
    0   0  1.0264E+00  0.0000E+00  0.0000E+00  0.0000E+00  0.0000E+00  0.0000E+00  0.0000E+00  0.0000E+00
    1   0  3.9824E-02  0.0000E+00  0.0000E+00  3.9813E-02  0.0000E+00  0.0000E+00  0.0000E+00  0.0000E+00
    2   0 -7.0175E-04  0.0000E+00  0.0000E+00 -5.7471E-04  0.0000E+00  0.0000E+00  0.0000E+00  0.0000E+00
    3   0 -6.2982E-05  0.0000E+00  0.0000E+00 -6.5973E-05  0.0000E+00  0.0000E+00  0.0000E+00  0.0000E+00
    4   0 -3.1217E-05  0.0000E+00  0.0000E+00  2.5711E-05  0.0000E+00  0.0000E+00  0.0000E+00  0.0000E+00
    5   0 -5.4074E-05  0.0000E+00  0.0000E+00  2.1858E-05  0.0000E+00  0.0000E+00  0.0000E+00  0.0000E+00
    6   0  1.0881E-04  0.0000E+00  0.0000E+00  5.3079E-06  0.0000E+00  0.0000E+00  0.0000E+00  0.0000E+00
    7   0  1.7036E-05  0.0000E+00  0.0000E+00 -2.2974E-06  0.0000E+00  0.0000E+00  0.0000E+00  0.0000E+00
    8   0  1.7006E-06  0.0000E+00  0.0000E+00  9.5742E-07  0.0000E+00  0.0000E+00  0.0000E+00  0.0000E+00
    9   0 -2.1557E-07  0.0000E+00  0.0000E+00  1.3419E-07  0.0000E+00  0.0000E+00  0.0000E+00  0.0000E+00
   10   0 -1.7192E-07  0.0000E+00  0.0000E+00  2.3961E-07  0.0000E+00  0.0000E+00  0.0000E+00  0.0000E+00
  -10   1  5.5738E-08  0.0000E+00  0.0000E+00  1.8233E-07
   -9   1 -4.1991E-08  0.0000E+00  0.0000E+00  1.4306E-07
   -8   1 -1.4910E-06  0.0000E+00  0.0000E+00 -1.3199E-07
   -7   1 -1.5288E-05  0.0000E+00  0.0000E+00  2.3941E-06
   -6   1 -3.0489E-05  0.0000E+00  0.0000E+00  4.5613E-05
   -5   1  4.8842E-05  0.0000E+00  0.0000E+00  4.0982E-05
   -4   1 -2.5625E-05  0.0000E+00  0.0000E+00 -1.6793E-05
   -3   1  4.1039E-05  0.0000E+00  0.0000E+00 -1.9050E-06
   -2   1 -1.1287E-03  0.0000E+00  0.0000E+00  1.0561E-03
   -1   1 -3.2456E-02  0.0000E+00  0.0000E+00  2.6079E-02
    0   1 -1.5370E-01  0.0000E+00  0.0000E+00  4.1326E-01
    1   1  5.4768E-02  0.0000E+00  0.0000E+00  4.1686E-02
    2   1  2.2239E-03  0.0000E+00  0.0000E+00  1.8448E-03
    3   1 -9.2354E-06  0.0000E+00  0.0000E+00 -1.5833E-06
    4   1  1.0478E-05  0.0000E+00  0.0000E+00 -1.1751E-05
    5   1 -1.1864E-05  0.0000E+00  0.0000E+00  3.1911E-05
    6   1  3.7813E-06  0.0000E+00  0.0000E+00  6.7443E-05
    7   1  1.5689E-05  0.0000E+00  0.0000E+00  1.2549E-06
    8   1  5.7601E-06  0.0000E+00  0.0000E+00  1.0420E-06
    9   1  1.0260E-06  0.0000E+00  0.0000E+00  6.6417E-07
   10   1 -1.5905E-07  0.0000E+00  0.0000E+00  2.1924E-07
  -10   2 -5.5236E-09  0.0000E+00  0.0000E+00  2.4733E-07
   -9   2  2.3307E-07  0.0000E+00  0.0000E+00  6.5169E-10
   -8   2  1.9638E-06  0.0000E+00  0.0000E+00 -6.1608E-07
   -7   2  7.3058E-06  0.0000E+00  0.0000E+00 -5.0953E-06
   -6   2 -4.4973E-06  0.0000E+00  0.0000E+00 -4.7905E-06
   -5   2  4.2608E-05  0.0000E+00  0.0000E+00  6.1728E-05
   -4   2  5.6251E-05  0.0000E+00  0.0000E+00  4.9851E-05
   -3   2  4.5071E-05  0.0000E+00  0.0000E+00 -3.4409E-05
   -2   2  8.9440E-04  0.0000E+00  0.0000E+00 -8.0115E-04
   -1   2  6.2609E-03  0.0000E+00  0.0000E+00 -7.3079E-03
    0   2 -3.7109E-02  0.0000E+00  0.0000E+00  2.3817E-02
    1   2  2.9689E-02  0.0000E+00  0.0000E+00  2.5323E-02
    2   2  3.1479E-03  0.0000E+00  0.0000E+00  2.9890E-03
    3   2  1.2102E-04  0.0000E+00  0.0000E+00  1.1910E-04
    4   2  1.3359E-05  0.0000E+00  0.0000E+00 -8.2519E-06
    5   2  1.5412E-05  0.0000E+00  0.0000E+00 -1.4180E-06
    6   2 -3.3761E-05  0.0000E+00  0.0000E+00 -1.8774E-05
    7   2 -6.6548E-06  0.0000E+00  0.0000E+00  8.9237E-07
    8   2  2.2442E-06  0.0000E+00  0.0000E+00 -8.9228E-07
    9   2  1.6077E-06  0.0000E+00  0.0000E+00  6.4803E-07
   10   2  2.6771E-07  0.0000E+00  0.0000E+00  2.2844E-08
  -10   3 -1.2192E-07  0.0000E+00  0.0000E+00 -5.8224E-08
   -9   3 -2.9767E-07  0.0000E+00  0.0000E+00 -5.5390E-08
   -8   3 -6.8962E-07  0.0000E+00  0.0000E+00  4.9370E-07
   -7   3 -1.0236E-07  0.0000E+00  0.0000E+00  9.2098E-07
   -6   3  4.8895E-06  0.0000E+00  0.0000E+00 -1.6382E-05
   -5   3 -2.3387E-06  0.0000E+00  0.0000E+00 -1.5568E-06
   -4   3  3.0477E-05  0.0000E+00  0.0000E+00  2.7167E-05
   -3   3 -3.5144E-05  0.0000E+00  0.0000E+00  8.9952E-06
   -2   3 -3.5440E-04  0.0000E+00  0.0000E+00  2.8904E-04
   -1   3 -2.5809E-03  0.0000E+00  0.0000E+00  1.6249E-03
    0   3 -1.8163E-02  0.0000E+00  0.0000E+00  1.8103E-02
    1   3  1.5969E-02  0.0000E+00  0.0000E+00  1.3304E-02
    2   3  2.9084E-03  0.0000E+00  0.0000E+00  2.7325E-03
    3   3  2.4025E-04  0.0000E+00  0.0000E+00  2.3326E-04
    4   3 -8.1279E-07  0.0000E+00  0.0000E+00  6.8459E-06
    5   3  1.2812E-05  0.0000E+00  0.0000E+00 -2.3947E-06
    6   3 -4.7810E-06  0.0000E+00  0.0000E+00 -2.9355E-05
    7   3 -9.2137E-06  0.0000E+00  0.0000E+00 -1.1716E-06
    8   3 -2.4255E-06  0.0000E+00  0.0000E+00 -2.3046E-06
    9   3  8.4461E-07  0.0000E+00  0.0000E+00 -1.7425E-08
   10   3  4.4841E-07  0.0000E+00  0.0000E+00  1.3771E-07
  -10   4 -4.8420E-08  0.0000E+00  0.0000E+00 -1.1910E-07
   -9   4 -8.5549E-08  0.0000E+00  0.0000E+00 -1.8702E-07
   -8   4  6.9985E-08  0.0000E+00  0.0000E+00 -2.3304E-07
   -7   4 -3.6144E-07  0.0000E+00  0.0000E+00  3.5260E-07
   -6   4 -1.2833E-06  0.0000E+00  0.0000E+00 -3.3199E-06
   -5   4 -1.4030E-05  0.0000E+00  0.0000E+00 -2.0615E-05
   -4   4 -2.9320E-05  0.0000E+00  0.0000E+00 -3.6743E-05
   -3   4 -6.2220E-06  0.0000E+00  0.0000E+00 -3.7454E-05
   -2   4  1.0181E-04  0.0000E+00  0.0000E+00 -1.2081E-04
   -1   4  1.7146E-04  0.0000E+00  0.0000E+00 -4.5168E-04
    0   4 -6.1605E-03  0.0000E+00  0.0000E+00  4.1361E-03
    1   4  8.1813E-03  0.0000E+00  0.0000E+00  7.1760E-03
    2   4  2.1150E-03  0.0000E+00  0.0000E+00  1.9950E-03
    3   4  2.3418E-04  0.0000E+00  0.0000E+00  2.3744E-04
    4   4  1.5335E-05  0.0000E+00  0.0000E+00  1.9422E-05
    5   4  4.2998E-06  0.0000E+00  0.0000E+00  7.7931E-06
    6   4 -1.4744E-06  0.0000E+00  0.0000E+00 -1.7725E-06
    7   4 -5.5807E-06  0.0000E+00  0.0000E+00 -3.1651E-06
    8   4 -3.7522E-06  0.0000E+00  0.0000E+00 -2.1457E-06
    9   4 -1.8323E-07  0.0000E+00  0.0000E+00 -5.6376E-07
   10   4  2.9569E-07  0.0000E+00  0.0000E+00  1.5792E-07
  -10   5 -4.4659E-08  0.0000E+00  0.0000E+00  2.2277E-09
   -9   5 -8.6484E-08  0.0000E+00  0.0000E+00  8.3894E-09
   -8   5 -1.2561E-07  0.0000E+00  0.0000E+00  8.8020E-08
   -7   5 -4.2359E-07  0.0000E+00  0.0000E+00  1.9151E-07
   -6   5 -2.8085E-06  0.0000E+00  0.0000E+00  8.4336E-07
   -5   5 -1.1678E-05  0.0000E+00  0.0000E+00 -7.8751E-06
   -4   5 -3.9334E-05  0.0000E+00  0.0000E+00 -3.8032E-05
   -3   5 -1.2432E-05  0.0000E+00  0.0000E+00 -7.9851E-06
   -2   5 -2.7231E-05  0.0000E+00  0.0000E+00  1.3097E-05
   -1   5 -2.0580E-04  0.0000E+00  0.0000E+00  3.2358E-05
    0   5 -3.0434E-03  0.0000E+00  0.0000E+00  1.8109E-03
    1   5  4.2385E-03  0.0000E+00  0.0000E+00  3.7688E-03
    2   5  1.4755E-03  0.0000E+00  0.0000E+00  1.3837E-03
    3   5  2.0308E-04  0.0000E+00  0.0000E+00  2.0160E-04
    4   5  1.8849E-05  0.0000E+00  0.0000E+00  1.9023E-05
    5   5  4.4094E-06  0.0000E+00  0.0000E+00  3.0832E-06
    6   5 -1.1568E-06  0.0000E+00  0.0000E+00  3.3983E-06
    7   5 -3.9060E-06  0.0000E+00  0.0000E+00 -2.2617E-06
    8   5 -3.4829E-06  0.0000E+00  0.0000E+00 -1.7742E-06
    9   5 -8.3739E-07  0.0000E+00  0.0000E+00 -8.0292E-07
   10   5  1.0990E-07  0.0000E+00  0.0000E+00 -6.1942E-09
  -10   6 -2.9841E-08  0.0000E+00  0.0000E+00  2.5796E-08
   -9   6 -1.9899E-08  0.0000E+00  0.0000E+00  3.1951E-08
   -8   6 -8.3821E-09  0.0000E+00  0.0000E+00  5.9125E-08
   -7   6 -2.3526E-07  0.0000E+00  0.0000E+00  7.3129E-08
   -6   6 -1.7888E-06  0.0000E+00  0.0000E+00 -1.0901E-10
   -5   6 -8.9584E-06  0.0000E+00  0.0000E+00 -3.0530E-06
   -4   6 -3.3840E-05  0.0000E+00  0.0000E+00 -2.7841E-05
   -3   6  1.0018E-05  0.0000E+00  0.0000E+00  2.9060E-06
   -2   6  1.6163E-05  0.0000E+00  0.0000E+00 -1.4099E-05
   -1   6 -2.3345E-05  0.0000E+00  0.0000E+00 -6.3411E-05
    0   6 -1.4414E-03  0.0000E+00  0.0000E+00  5.3537E-04
    1   6  2.1547E-03  0.0000E+00  0.0000E+00  1.9935E-03
    2   6  9.7024E-04  0.0000E+00  0.0000E+00  9.1562E-04
    3   6  1.6260E-04  0.0000E+00  0.0000E+00  1.5945E-04
    4   6  1.5248E-05  0.0000E+00  0.0000E+00  1.6861E-05
    5   6  2.5720E-06  0.0000E+00  0.0000E+00  1.0396E-06
    6   6 -2.6700E-08  0.0000E+00  0.0000E+00  2.1745E-06
    7   6 -2.7868E-06  0.0000E+00  0.0000E+00 -1.0231E-06
    8   6 -2.8057E-06  0.0000E+00  0.0000E+00 -1.3637E-06
    9   6 -1.1015E-06  0.0000E+00  0.0000E+00 -8.4456E-07
   10   6 -5.4803E-08  0.0000E+00  0.0000E+00 -1.3558E-07
  -10   7 -2.1694E-08  0.0000E+00  0.0000E+00  2.3035E-08
   -9   7 -1.0749E-08  0.0000E+00  0.0000E+00  4.0505E-08
   -8   7 -1.2286E-08  0.0000E+00  0.0000E+00  5.5468E-08
   -7   7 -2.4469E-07  0.0000E+00  0.0000E+00  1.2295E-07
   -6   7 -1.1877E-06  0.0000E+00  0.0000E+00  2.5405E-07
   -5   7 -5.6971E-06  0.0000E+00  0.0000E+00 -6.4230E-07
   -4   7 -2.4435E-05  0.0000E+00  0.0000E+00 -1.7441E-05
   -3   7  1.9497E-05  0.0000E+00  0.0000E+00  1.2756E-05
   -2   7  7.9435E-06  0.0000E+00  0.0000E+00 -1.8380E-06
   -1   7 -2.2055E-05  0.0000E+00  0.0000E+00 -2.9883E-05
    0   7 -7.7000E-04  0.0000E+00  0.0000E+00  1.5706E-04
    1   7  1.1083E-03  0.0000E+00  0.0000E+00  1.0528E-03
    2   7  6.1867E-04  0.0000E+00  0.0000E+00  5.8604E-04
    3   7  1.2518E-04  0.0000E+00  0.0000E+00  1.1956E-04
    4   7  1.0759E-05  0.0000E+00  0.0000E+00  1.3074E-05
    5   7  8.3571E-07  0.0000E+00  0.0000E+00  1.9132E-07
    6   7  8.0181E-08  0.0000E+00  0.0000E+00  1.3035E-06
    7   7 -1.8372E-06  0.0000E+00  0.0000E+00 -4.4172E-07
    8   7 -2.0933E-06  0.0000E+00  0.0000E+00 -9.3461E-07
    9   7 -1.0978E-06  0.0000E+00  0.0000E+00 -7.5695E-07
   10   7 -1.8088E-07  0.0000E+00  0.0000E+00 -1.9818E-07
  -10   8 -1.7355E-08  0.0000E+00  0.0000E+00  2.1273E-08
   -9   8  7.0047E-10  0.0000E+00  0.0000E+00  3.3471E-08
   -8   8  1.5835E-08  0.0000E+00  0.0000E+00  2.0637E-08
   -7   8 -1.8025E-07  0.0000E+00  0.0000E+00  6.7260E-08
   -6   8 -8.0818E-07  0.0000E+00  0.0000E+00  3.2715E-07
   -5   8 -3.5175E-06  0.0000E+00  0.0000E+00  6.2133E-07
   -4   8 -1.6640E-05  0.0000E+00  0.0000E+00 -9.8505E-06
   -3   8  2.4234E-05  0.0000E+00  0.0000E+00  1.4006E-05
   -2   8  1.0623E-05  0.0000E+00  0.0000E+00 -4.9537E-06
   -1   8 -3.1869E-06  0.0000E+00  0.0000E+00 -2.7871E-05
    0   8 -3.9691E-04  0.0000E+00  0.0000E+00 -1.2559E-05
    1   8  5.6504E-04  0.0000E+00  0.0000E+00  5.6078E-04
    2   8  3.8349E-04  0.0000E+00  0.0000E+00  3.6550E-04
    3   8  9.5125E-05  0.0000E+00  0.0000E+00  8.5424E-05
    4   8  6.4954E-06  0.0000E+00  0.0000E+00  9.7439E-06
    5   8 -4.4081E-07  0.0000E+00  0.0000E+00 -6.6638E-07
    6   8 -2.1905E-07  0.0000E+00  0.0000E+00  4.6181E-07
    7   8 -1.1987E-06  0.0000E+00  0.0000E+00 -1.8442E-07
    8   8 -1.4918E-06  0.0000E+00  0.0000E+00 -6.1772E-07
    9   8 -9.4890E-07  0.0000E+00  0.0000E+00 -6.1471E-07
   10   8 -2.4505E-07  0.0000E+00  0.0000E+00 -2.2116E-07
  -10   9 -1.5359E-08  0.0000E+00  0.0000E+00  1.6537E-08
   -9   9 -8.8677E-09  0.0000E+00  0.0000E+00  3.3661E-08
   -8   9  3.0531E-08  0.0000E+00  0.0000E+00  1.6881E-09
   -7   9 -9.6652E-08  0.0000E+00  0.0000E+00  3.2774E-08
   -6   9 -5.2318E-07  0.0000E+00  0.0000E+00  2.0679E-07
   -5   9 -1.8213E-06  0.0000E+00  0.0000E+00  1.0114E-06
   -4   9 -1.1541E-05  0.0000E+00  0.0000E+00 -4.9555E-06
   -3   9  2.3060E-05  0.0000E+00  0.0000E+00  1.2105E-05
   -2   9  1.0641E-05  0.0000E+00  0.0000E+00 -7.0786E-06
   -1   9  3.5069E-06  0.0000E+00  0.0000E+00 -2.2875E-05
    0   9 -1.8225E-04  0.0000E+00  0.0000E+00 -7.5321E-05
    1   9  2.8793E-04  0.0000E+00  0.0000E+00  3.0224E-04
    2   9  2.3441E-04  0.0000E+00  0.0000E+00  2.2389E-04
    3   9  7.1709E-05  0.0000E+00  0.0000E+00  5.7988E-05
    4   9  2.2582E-06  0.0000E+00  0.0000E+00  7.7100E-06
    5   9 -1.1776E-06  0.0000E+00  0.0000E+00 -1.1290E-06
    6   9 -5.1060E-07  0.0000E+00  0.0000E+00 -1.7682E-07
    7   9 -7.9038E-07  0.0000E+00  0.0000E+00 -8.8998E-08
    8   9 -1.0317E-06  0.0000E+00  0.0000E+00 -4.0320E-07
    9   9 -7.5365E-07  0.0000E+00  0.0000E+00 -4.7218E-07
   10   9 -2.5625E-07  0.0000E+00  0.0000E+00 -2.1232E-07
 FSQR, FSQZ = Normalized Physical Force Residuals
 fsqr, fsqz = Preconditioned Force Residuals
 -----------------------
 BEGIN FORCE ITERATIONS
 -----------------------

