 THIS IS PARVMEC (PARALLEL VMEC), VERSION 9.0
 Lambda: Full Radial Mesh. L-Force: hybrid full/half.

 COMPUTER: x86_64-conda-linux-gnu   OS:    RELEASE: x86_64  DATE = Mar 21,2026  TIME = 08:00:35
 SHOT ID.: 0358936  SEQ. NO.:   0
 TIME SLICE =    0. ms

 COMPUTATION PARAMETERS: (u = theta, v = zeta)
 ---------------------------------------------
     ns     nu     nv     mu     mv
     49     26     24     10     10

 CONFIGURATION PARAMETERS:
 ---------------------------------------
    nfp      gamma      spres_ped    phiedge(wb)     curtor(A)        lRFP
      2  0.000E+00      1.000E+00      1.000E+00     7.626E+05           F

 RUN CONTROL PARAMETERS:
 -----------------------
  ncurr  niter   nsin  nstep  nvacskip      ftol     tcon0    lasym  lforbal lmove_axis lconm1
      1  10000     16    200         1  1.00E-10  1.00E+00        F        F        T        T
  mfilter_fbdy nfilter_fbdy lfull3d1out max_main_iterations lgiveup fgiveup
           -1           -1           F                   1       F  3.0E+01

 PRECONDITIONER CONTROL PARAMETERS:
 ----------------------------------
  precon_type   prec2d_threshold
  NONE                  1.00E-30

 Pressure profile factor:  6.4128E+05 (multiplier for pressure)
 MASS PROFILE COEFFICIENTS - newton/m**2 (EXPANSION IN NORMALIZED RADIUS):
 PMASS parameterization type is 'power_series'
 -----------------------------------
   1.000E+00  -2.000E+00   1.000E+00

 TOROIDAL CURRENT DENSITY (*V') COEFFICIENTS ac (EXPANSION IN NORMALIZED RADIUS):
 PCURR parameterization type is 'power_series'
 --------------------------------------
   1.000E+00  -1.000E+00   0.000E+00   0.000E+00   0.000E+00   0.000E+00
   0.000E+00   0.000E+00   0.000E+00   0.000E+00   0.000E+00   0.000E+00
   0.000E+00   0.000E+00   0.000E+00   0.000E+00   0.000E+00   0.000E+00
   0.000E+00   0.000E+00   0.000E+00
   1.000E+00  -1.000E+00

 NORMALIZED TOROIDAL FLUX COEFFICIENTS aphi (EXPANSION IN S):
 -----------------------------------
   1.000E+00

 R-Z FOURIER BOUNDARY COEFFICIENTS AND MAGNETIC AXIS INITIAL GUESS
 R = RBC*COS(m*u - n*v) + RBS*SIN(m*u - n*v), Z = ZBC*COS(m*u - n*v) + ZBS*SIN(m*u-n*v)
 --------------------------------------------------------------------------------------
   nb  mb     rbc         rbs         zbc         zbs       raxis(c)    raxis(s)    zaxis(c)    zaxis(s)
    0   0  1.0355E+00  0.0000E+00  0.0000E+00  0.0000E+00  0.0000E+00  0.0000E+00  0.0000E+00  0.0000E+00
    1   0 -4.0169E-02  0.0000E+00  0.0000E+00 -4.5484E-02  0.0000E+00  0.0000E+00  0.0000E+00  0.0000E+00
    2   0  2.3515E-04  0.0000E+00  0.0000E+00  1.7472E-04  0.0000E+00  0.0000E+00  0.0000E+00  0.0000E+00
    3   0  3.7946E-04  0.0000E+00  0.0000E+00 -7.8526E-05  0.0000E+00  0.0000E+00  0.0000E+00  0.0000E+00
    4   0  9.4578E-04  0.0000E+00  0.0000E+00  2.3158E-04  0.0000E+00  0.0000E+00  0.0000E+00  0.0000E+00
    5   0 -1.7514E-05  0.0000E+00  0.0000E+00 -7.9753E-06  0.0000E+00  0.0000E+00  0.0000E+00  0.0000E+00
    6   0 -9.4679E-06  0.0000E+00  0.0000E+00 -5.8925E-06  0.0000E+00  0.0000E+00  0.0000E+00  0.0000E+00
    7   0  1.2152E-06  0.0000E+00  0.0000E+00  1.2707E-06  0.0000E+00  0.0000E+00  0.0000E+00  0.0000E+00
    8   0  2.1677E-06  0.0000E+00  0.0000E+00  2.5577E-07  0.0000E+00  0.0000E+00  0.0000E+00  0.0000E+00
    9   0 -2.0706E-07  0.0000E+00  0.0000E+00  1.1657E-07  0.0000E+00  0.0000E+00  0.0000E+00  0.0000E+00
   10   0 -8.2300E-08  0.0000E+00  0.0000E+00 -4.0141E-08  0.0000E+00  0.0000E+00  0.0000E+00  0.0000E+00
  -10   1 -4.5800E-08  0.0000E+00  0.0000E+00 -1.4558E-08
   -9   1  4.3227E-07  0.0000E+00  0.0000E+00 -1.9548E-07
   -8   1 -1.3452E-06  0.0000E+00  0.0000E+00  1.1629E-06
   -7   1 -4.7684E-07  0.0000E+00  0.0000E+00 -8.3648E-07
   -6   1 -6.8315E-06  0.0000E+00  0.0000E+00  5.5107E-07
   -5   1  1.1234E-04  0.0000E+00  0.0000E+00 -5.5603E-05
   -4   1 -4.0712E-04  0.0000E+00  0.0000E+00  2.6274E-04
   -3   1 -5.8523E-04  0.0000E+00  0.0000E+00 -4.3183E-04
   -2   1 -5.2010E-04  0.0000E+00  0.0000E+00  7.0535E-04
   -1   1  2.3600E-02  0.0000E+00  0.0000E+00 -1.7372E-02
    0   1 -1.7762E-01  0.0000E+00  0.0000E+00  3.5272E-01
    1   1 -5.1026E-02  0.0000E+00  0.0000E+00 -3.6100E-02
    2   1  2.5194E-03  0.0000E+00  0.0000E+00  2.3933E-03
    3   1  2.4950E-06  0.0000E+00  0.0000E+00 -1.5722E-04
    4   1 -2.0186E-04  0.0000E+00  0.0000E+00  4.0784E-04
    5   1 -5.1219E-05  0.0000E+00  0.0000E+00 -3.6052E-05
    6   1 -1.7117E-06  0.0000E+00  0.0000E+00 -5.0128E-06
    7   1  1.1956E-06  0.0000E+00  0.0000E+00  8.3430E-08
    8   1 -6.6163E-07  0.0000E+00  0.0000E+00  9.2933E-07
    9   1 -2.1247E-07  0.0000E+00  0.0000E+00 -1.2630E-07
   10   1  9.6931E-08  0.0000E+00  0.0000E+00 -3.0108E-09
  -10   2  6.8424E-08  0.0000E+00  0.0000E+00 -2.5023E-08
   -9   2 -1.4286E-07  0.0000E+00  0.0000E+00  1.6309E-07
   -8   2 -1.9907E-07  0.0000E+00  0.0000E+00 -2.5559E-07
   -7   2  1.0774E-07  0.0000E+00  0.0000E+00  2.8848E-07
   -6   2  3.1681E-06  0.0000E+00  0.0000E+00 -2.0481E-06
   -5   2 -2.4490E-05  0.0000E+00  0.0000E+00  1.6811E-05
   -4   2 -7.0473E-05  0.0000E+00  0.0000E+00 -4.3170E-05
   -3   2 -3.4468E-04  0.0000E+00  0.0000E+00 -3.5438E-04
   -2   2  2.1807E-04  0.0000E+00  0.0000E+00 -9.0160E-04
   -1   2 -4.5090E-03  0.0000E+00  0.0000E+00  5.1697E-03
    0   2 -5.0173E-02  0.0000E+00  0.0000E+00  1.5032E-02
    1   2 -2.4311E-02  0.0000E+00  0.0000E+00 -1.9476E-02
    2   2  2.9441E-03  0.0000E+00  0.0000E+00  2.8586E-03
    3   2 -2.3989E-04  0.0000E+00  0.0000E+00 -7.0646E-05
    4   2 -1.3529E-04  0.0000E+00  0.0000E+00 -1.6378E-04
    5   2  2.9332E-05  0.0000E+00  0.0000E+00 -1.8909E-05
    6   2 -4.7572E-06  0.0000E+00  0.0000E+00 -3.3784E-06
    7   2  9.3587E-07  0.0000E+00  0.0000E+00  8.5475E-07
    8   2 -5.8071E-07  0.0000E+00  0.0000E+00 -8.0630E-07
    9   2  7.9102E-08  0.0000E+00  0.0000E+00 -8.4999E-08
   10   2  1.4848E-08  0.0000E+00  0.0000E+00  3.6143E-08
  -10   3 -9.9506E-09  0.0000E+00  0.0000E+00  2.5481E-08
   -9   3 -2.7072E-08  0.0000E+00  0.0000E+00 -2.8646E-08
   -8   3  2.3074E-07  0.0000E+00  0.0000E+00 -1.2701E-07
   -7   3  2.5209E-07  0.0000E+00  0.0000E+00 -2.8963E-08
   -6   3 -2.6561E-06  0.0000E+00  0.0000E+00  2.0941E-06
   -5   3  4.1054E-06  0.0000E+00  0.0000E+00 -1.3076E-06
   -4   3  2.7691E-05  0.0000E+00  0.0000E+00 -5.8008E-05
   -3   3 -1.1433E-04  0.0000E+00  0.0000E+00 -6.4420E-05
   -2   3 -4.1144E-04  0.0000E+00  0.0000E+00 -3.9227E-05
   -1   3  1.1087E-03  0.0000E+00  0.0000E+00 -1.1447E-03
    0   3 -2.6010E-02  0.0000E+00  0.0000E+00  1.3854E-02
    1   3 -1.2323E-02  0.0000E+00  0.0000E+00 -8.8561E-03
    2   3  2.7219E-03  0.0000E+00  0.0000E+00  2.4953E-03
    3   3 -2.9810E-04  0.0000E+00  0.0000E+00 -2.6804E-04
    4   3 -4.5467E-06  0.0000E+00  0.0000E+00 -6.2827E-05
    5   3  2.5661E-05  0.0000E+00  0.0000E+00  1.4402E-06
    6   3 -8.7926E-06  0.0000E+00  0.0000E+00 -3.8630E-06
    7   3  1.6596E-06  0.0000E+00  0.0000E+00  1.8711E-06
    8   3 -7.0140E-08  0.0000E+00  0.0000E+00 -4.4784E-07
    9   3  5.7988E-08  0.0000E+00  0.0000E+00  4.7216E-08
   10   3 -1.8133E-08  0.0000E+00  0.0000E+00  1.3661E-08
  -10   4 -1.0279E-08  0.0000E+00  0.0000E+00  5.2249E-10
   -9   4  2.1555E-08  0.0000E+00  0.0000E+00 -3.1560E-08
   -8   4 -2.0719E-08  0.0000E+00  0.0000E+00  7.4711E-08
   -7   4 -3.0568E-08  0.0000E+00  0.0000E+00  7.9576E-08
   -6   4  2.3142E-07  0.0000E+00  0.0000E+00  7.5511E-08
   -5   4  1.9007E-06  0.0000E+00  0.0000E+00  7.8749E-07
   -4   4  1.3061E-05  0.0000E+00  0.0000E+00 -9.6675E-06
   -3   4 -1.0903E-04  0.0000E+00  0.0000E+00 -2.3942E-05
   -2   4 -1.1166E-04  0.0000E+00  0.0000E+00 -1.8910E-04
   -1   4 -1.4248E-04  0.0000E+00  0.0000E+00 -4.2531E-05
    0   4 -9.8771E-03  0.0000E+00  0.0000E+00  3.8578E-03
    1   4 -6.7147E-03  0.0000E+00  0.0000E+00 -4.9324E-03
    2   4  2.0830E-03  0.0000E+00  0.0000E+00  1.9277E-03
    3   4 -2.9287E-04  0.0000E+00  0.0000E+00 -2.8087E-04
    4   4  1.8609E-05  0.0000E+00  0.0000E+00  2.6356E-05
    5   4  1.5993E-05  0.0000E+00  0.0000E+00  5.8736E-06
    6   4 -9.2394E-06  0.0000E+00  0.0000E+00 -4.5228E-06
    7   4  2.1908E-06  0.0000E+00  0.0000E+00  1.9560E-06
    8   4 -2.5554E-07  0.0000E+00  0.0000E+00 -2.5084E-07
    9   4  2.5296E-08  0.0000E+00  0.0000E+00  7.0742E-08
   10   4 -2.6630E-09  0.0000E+00  0.0000E+00  1.2721E-09
  -10   5 -3.9631E-09  0.0000E+00  0.0000E+00 -3.2514E-09
   -9   5  7.3193E-09  0.0000E+00  0.0000E+00 -6.6197E-09
   -8   5 -3.7193E-08  0.0000E+00  0.0000E+00  5.2032E-08
   -7   5  1.1392E-07  0.0000E+00  0.0000E+00 -4.0870E-08
   -6   5 -2.0188E-07  0.0000E+00  0.0000E+00  3.6336E-07
   -5   5  9.6900E-07  0.0000E+00  0.0000E+00  1.1893E-06
   -4   5  5.2418E-06  0.0000E+00  0.0000E+00 -5.3042E-06
   -3   5 -6.0075E-05  0.0000E+00  0.0000E+00 -1.8292E-05
   -2   5 -1.2363E-04  0.0000E+00  0.0000E+00 -6.2346E-05
   -1   5  6.7575E-05  0.0000E+00  0.0000E+00 -1.9743E-04
    0   5 -4.6371E-03  0.0000E+00  0.0000E+00  1.9983E-03
    1   5 -3.7047E-03  0.0000E+00  0.0000E+00 -2.7235E-03
    2   5  1.4955E-03  0.0000E+00  0.0000E+00  1.3692E-03
    3   5 -2.7256E-04  0.0000E+00  0.0000E+00 -2.5590E-04
    4   5  2.3783E-05  0.0000E+00  0.0000E+00  3.4304E-05
    5   5  1.0097E-05  0.0000E+00  0.0000E+00  2.8969E-06
    6   5 -7.6204E-06  0.0000E+00  0.0000E+00 -4.0040E-06
    7   5  2.4444E-06  0.0000E+00  0.0000E+00  1.9925E-06
    8   5 -3.9571E-07  0.0000E+00  0.0000E+00 -4.0026E-07
    9   5  3.4434E-08  0.0000E+00  0.0000E+00  5.6626E-08
   10   5 -2.5450E-09  0.0000E+00  0.0000E+00  3.3271E-09
  -10   6 -2.8431E-09  0.0000E+00  0.0000E+00  1.7920E-09
   -9   6  1.0125E-08  0.0000E+00  0.0000E+00 -1.0448E-08
   -8   6 -3.2043E-08  0.0000E+00  0.0000E+00  3.3413E-08
   -7   6  5.6858E-08  0.0000E+00  0.0000E+00 -1.5491E-08
   -6   6 -1.4734E-08  0.0000E+00  0.0000E+00  1.7619E-07
   -5   6  3.8780E-07  0.0000E+00  0.0000E+00  1.0315E-06
   -4   6  4.5990E-06  0.0000E+00  0.0000E+00 -4.9646E-06
   -3   6 -4.4346E-05  0.0000E+00  0.0000E+00 -5.9090E-06
   -2   6 -6.3709E-05  0.0000E+00  0.0000E+00 -4.9172E-05
   -1   6  8.3756E-06  0.0000E+00  0.0000E+00 -9.4383E-05
    0   6 -2.1476E-03  0.0000E+00  0.0000E+00  9.6335E-04
    1   6 -2.1293E-03  0.0000E+00  0.0000E+00 -1.5912E-03
    2   6  1.0347E-03  0.0000E+00  0.0000E+00  9.4589E-04
    3   6 -2.3222E-04  0.0000E+00  0.0000E+00 -2.1890E-04
    4   6  2.6659E-05  0.0000E+00  0.0000E+00  3.5811E-05
    5   6  5.9690E-06  0.0000E+00  0.0000E+00  5.3557E-07
    6   6 -6.0640E-06  0.0000E+00  0.0000E+00 -3.3520E-06
    7   6  2.3212E-06  0.0000E+00  0.0000E+00  1.8620E-06
    8   6 -4.8214E-07  0.0000E+00  0.0000E+00 -4.7649E-07
    9   6  5.5609E-08  0.0000E+00  0.0000E+00  6.5333E-08
   10   6 -4.5542E-09  0.0000E+00  0.0000E+00  1.9194E-09
  -10   7 -3.0942E-09  0.0000E+00  0.0000E+00  1.9811E-09
   -9   7  9.9269E-09  0.0000E+00  0.0000E+00 -1.0584E-08
   -8   7 -3.3109E-08  0.0000E+00  0.0000E+00  3.1864E-08
   -7   7  6.8144E-08  0.0000E+00  0.0000E+00 -3.4464E-08
   -6   7 -4.0046E-09  0.0000E+00  0.0000E+00  1.5095E-07
   -5   7  1.2127E-07  0.0000E+00  0.0000E+00  8.5329E-07
   -4   7  3.6023E-06  0.0000E+00  0.0000E+00 -4.2067E-06
   -3   7 -3.0654E-05  0.0000E+00  0.0000E+00 -2.9466E-07
   -2   7 -3.6887E-05  0.0000E+00  0.0000E+00 -3.2277E-05
   -1   7  3.1604E-06  0.0000E+00  0.0000E+00 -5.5328E-05
    0   7 -1.0486E-03  0.0000E+00  0.0000E+00  4.9681E-04
    1   7 -1.2445E-03  0.0000E+00  0.0000E+00 -9.4910E-04
    2   7  6.9920E-04  0.0000E+00  0.0000E+00  6.3861E-04
    3   7 -1.8762E-04  0.0000E+00  0.0000E+00 -1.7702E-04
    4   7  2.6757E-05  0.0000E+00  0.0000E+00  3.3336E-05
    5   7  3.0360E-06  0.0000E+00  0.0000E+00 -1.0705E-06
    6   7 -4.6077E-06  0.0000E+00  0.0000E+00 -2.5998E-06
    7   7  2.0396E-06  0.0000E+00  0.0000E+00  1.6250E-06
    8   7 -5.0767E-07  0.0000E+00  0.0000E+00 -4.8975E-07
    9   7  7.4912E-08  0.0000E+00  0.0000E+00  7.9376E-08
   10   7 -6.8844E-09  0.0000E+00  0.0000E+00 -1.4889E-09
  -10   8 -3.2398E-09  0.0000E+00  0.0000E+00  1.0129E-09
   -9   8  1.0635E-08  0.0000E+00  0.0000E+00 -9.1139E-09
   -8   8 -3.1512E-08  0.0000E+00  0.0000E+00  2.8917E-08
   -7   8  6.0013E-08  0.0000E+00  0.0000E+00 -3.6812E-08
   -6   8  2.9694E-09  0.0000E+00  0.0000E+00  1.2440E-07
   -5   8 -4.2265E-08  0.0000E+00  0.0000E+00  6.6997E-07
   -4   8  3.3312E-06  0.0000E+00  0.0000E+00 -3.9316E-06
   -3   8 -2.4083E-05  0.0000E+00  0.0000E+00  4.9736E-06
   -2   8 -1.2114E-05  0.0000E+00  0.0000E+00 -2.9871E-05
   -1   8 -1.1304E-05  0.0000E+00  0.0000E+00 -2.1285E-05
    0   8 -5.1781E-04  0.0000E+00  0.0000E+00  2.5784E-04
    1   8 -7.4076E-04  0.0000E+00  0.0000E+00 -5.7784E-04
    2   8  4.6644E-04  0.0000E+00  0.0000E+00  4.2688E-04
    3   8 -1.4612E-04  0.0000E+00  0.0000E+00 -1.3774E-04
    4   8  2.5050E-05  0.0000E+00  0.0000E+00  2.9507E-05
    5   8  9.5098E-07  0.0000E+00  0.0000E+00 -2.0606E-06
    6   8 -3.4116E-06  0.0000E+00  0.0000E+00 -1.9195E-06
    7   8  1.7017E-06  0.0000E+00  0.0000E+00  1.3654E-06
    8   8 -4.8866E-07  0.0000E+00  0.0000E+00 -4.6436E-07
    9   8  8.7407E-08  0.0000E+00  0.0000E+00  8.8906E-08
   10   8 -9.7984E-09  0.0000E+00  0.0000E+00 -4.6061E-09
  -10   9 -2.5588E-09  0.0000E+00  0.0000E+00  3.8213E-10
   -9   9  1.0125E-08  0.0000E+00  0.0000E+00 -6.1456E-09
   -8   9 -3.1176E-08  0.0000E+00  0.0000E+00  2.6993E-08
   -7   9  5.5230E-08  0.0000E+00  0.0000E+00 -4.6939E-08
   -6   9 -2.8227E-08  0.0000E+00  0.0000E+00  1.3556E-07
   -5   9 -6.8498E-08  0.0000E+00  0.0000E+00  3.2921E-07
   -4   9  2.5780E-06  0.0000E+00  0.0000E+00 -3.3861E-06
   -3   9 -2.0312E-05  0.0000E+00  0.0000E+00  8.3138E-06
   -2   9  8.3106E-06  0.0000E+00  0.0000E+00 -3.3232E-05
   -1   9 -2.9628E-05  0.0000E+00  0.0000E+00  5.9677E-06
    0   9 -2.3506E-04  0.0000E+00  0.0000E+00  1.3153E-04
    1   9 -4.4251E-04  0.0000E+00  0.0000E+00 -3.5612E-04
    2   9  3.0727E-04  0.0000E+00  0.0000E+00  2.8265E-04
    3   9 -1.1077E-04  0.0000E+00  0.0000E+00 -1.0381E-04
    4   9  2.1847E-05  0.0000E+00  0.0000E+00  2.4975E-05
    5   9 -3.8705E-07  0.0000E+00  0.0000E+00 -2.5192E-06
    6   9 -2.4692E-06  0.0000E+00  0.0000E+00 -1.3341E-06
    7   9  1.3643E-06  0.0000E+00  0.0000E+00  1.1130E-06
    8   9 -4.4222E-07  0.0000E+00  0.0000E+00 -4.1508E-07
    9   9  9.0612E-08  0.0000E+00  0.0000E+00  9.0791E-08
   10   9 -1.2101E-08  0.0000E+00  0.0000E+00 -7.1860E-09
 FSQR, FSQZ = Normalized Physical Force Residuals
 fsqr, fsqz = Preconditioned Force Residuals
 -----------------------
 BEGIN FORCE ITERATIONS
 -----------------------

