 THIS IS PARVMEC (PARALLEL VMEC), VERSION 9.0
 Lambda: Full Radial Mesh. L-Force: hybrid full/half.

 COMPUTER: x86_64-conda-linux-gnu   OS:    RELEASE: x86_64  DATE = Apr 02,2026  TIME = 19:19:53
 SHOT ID.: 0010273  SEQ. NO.:   0
 TIME SLICE =    0. ms

 COMPUTATION PARAMETERS: (u = theta, v = zeta)
 ---------------------------------------------
     ns     nu     nv     mu     mv
     49     26     24     10     10

 CONFIGURATION PARAMETERS:
 ---------------------------------------
    nfp      gamma      spres_ped    phiedge(wb)     curtor(A)        lRFP
      2  0.000E+00      1.000E+00      1.000E+00     4.747E+05           F

 RUN CONTROL PARAMETERS:
 -----------------------
  ncurr  niter   nsin  nstep  nvacskip      ftol     tcon0    lasym  lforbal lmove_axis lconm1
      1  10000     16    200         1  1.00E-10  1.00E+00        F        F        T        T
  mfilter_fbdy nfilter_fbdy lfull3d1out max_main_iterations lgiveup fgiveup
           -1           -1           F                   1       F  3.0E+01

 PRECONDITIONER CONTROL PARAMETERS:
 ----------------------------------
  precon_type   prec2d_threshold
  NONE                  1.00E-30

 Pressure profile factor:  1.1048E+04 (multiplier for pressure)
 MASS PROFILE COEFFICIENTS - newton/m**2 (EXPANSION IN NORMALIZED RADIUS):
 PMASS parameterization type is 'power_series'
 -----------------------------------
   1.000E+00  -2.000E+00   1.000E+00

 TOROIDAL CURRENT DENSITY (*V') COEFFICIENTS ac (EXPANSION IN NORMALIZED RADIUS):
 PCURR parameterization type is 'power_series'
 --------------------------------------
   1.000E+00  -1.000E+00   0.000E+00   0.000E+00   0.000E+00   0.000E+00
   0.000E+00   0.000E+00   0.000E+00   0.000E+00   0.000E+00   0.000E+00
   0.000E+00   0.000E+00   0.000E+00   0.000E+00   0.000E+00   0.000E+00
   0.000E+00   0.000E+00   0.000E+00
   1.000E+00  -1.000E+00

 NORMALIZED TOROIDAL FLUX COEFFICIENTS aphi (EXPANSION IN S):
 -----------------------------------
   1.000E+00

 R-Z FOURIER BOUNDARY COEFFICIENTS AND MAGNETIC AXIS INITIAL GUESS
 R = RBC*COS(m*u - n*v) + RBS*SIN(m*u - n*v), Z = ZBC*COS(m*u - n*v) + ZBS*SIN(m*u-n*v)
 --------------------------------------------------------------------------------------
   nb  mb     rbc         rbs         zbc         zbs       raxis(c)    raxis(s)    zaxis(c)    zaxis(s)
    0   0  1.0731E+00  0.0000E+00  0.0000E+00  0.0000E+00  0.0000E+00  0.0000E+00  0.0000E+00  0.0000E+00
    1   0  3.8433E-02  0.0000E+00  0.0000E+00  4.1249E-02  0.0000E+00  0.0000E+00  0.0000E+00  0.0000E+00
    2   0  8.4180E-04  0.0000E+00  0.0000E+00  1.0453E-03  0.0000E+00  0.0000E+00  0.0000E+00  0.0000E+00
    3   0 -5.9273E-05  0.0000E+00  0.0000E+00  9.0379E-04  0.0000E+00  0.0000E+00  0.0000E+00  0.0000E+00
    4   0  4.2105E-04  0.0000E+00  0.0000E+00  2.3063E-04  0.0000E+00  0.0000E+00  0.0000E+00  0.0000E+00
    5   0 -1.8856E-04  0.0000E+00  0.0000E+00  2.3319E-04  0.0000E+00  0.0000E+00  0.0000E+00  0.0000E+00
    6   0  3.6014E-05  0.0000E+00  0.0000E+00  8.8212E-05  0.0000E+00  0.0000E+00  0.0000E+00  0.0000E+00
    7   0  4.5266E-05  0.0000E+00  0.0000E+00  2.1248E-05  0.0000E+00  0.0000E+00  0.0000E+00  0.0000E+00
    8   0  8.2802E-06  0.0000E+00  0.0000E+00  6.2448E-07  0.0000E+00  0.0000E+00  0.0000E+00  0.0000E+00
    9   0 -3.0243E-06  0.0000E+00  0.0000E+00  5.4172E-07  0.0000E+00  0.0000E+00  0.0000E+00  0.0000E+00
   10   0 -7.7355E-07  0.0000E+00  0.0000E+00  7.3654E-07  0.0000E+00  0.0000E+00  0.0000E+00  0.0000E+00
  -10   1  1.3380E-06  0.0000E+00  0.0000E+00  2.0651E-07
   -9   1 -5.5064E-07  0.0000E+00  0.0000E+00 -3.5465E-07
   -8   1 -1.2405E-05  0.0000E+00  0.0000E+00  3.9251E-06
   -7   1 -1.2607E-05  0.0000E+00  0.0000E+00  1.6663E-05
   -6   1  5.9955E-05  0.0000E+00  0.0000E+00  1.5612E-05
   -5   1  1.2272E-04  0.0000E+00  0.0000E+00 -4.8075E-05
   -4   1 -3.5540E-04  0.0000E+00  0.0000E+00  9.4486E-05
   -3   1 -3.3329E-04  0.0000E+00  0.0000E+00 -2.4943E-05
   -2   1 -8.2978E-04  0.0000E+00  0.0000E+00 -9.7802E-04
   -1   1 -1.4893E-02  0.0000E+00  0.0000E+00  1.0892E-02
    0   1 -1.8449E-01  0.0000E+00  0.0000E+00  3.1729E-01
    1   1  4.0732E-02  0.0000E+00  0.0000E+00  2.7953E-02
    2   1  2.0335E-03  0.0000E+00  0.0000E+00  9.9065E-04
    3   1  4.5983E-04  0.0000E+00  0.0000E+00  1.0153E-04
    4   1  3.3409E-05  0.0000E+00  0.0000E+00  2.5591E-04
    5   1 -4.3519E-05  0.0000E+00  0.0000E+00 -1.5518E-04
    6   1 -1.0196E-04  0.0000E+00  0.0000E+00 -2.5469E-05
    7   1 -2.1061E-05  0.0000E+00  0.0000E+00  8.3709E-06
    8   1  5.8115E-06  0.0000E+00  0.0000E+00  4.8008E-06
    9   1  2.1618E-06  0.0000E+00  0.0000E+00 -5.0960E-07
   10   1 -8.4361E-07  0.0000E+00  0.0000E+00 -2.3162E-07
  -10   2 -1.4048E-07  0.0000E+00  0.0000E+00  4.6256E-07
   -9   2  1.9847E-06  0.0000E+00  0.0000E+00  6.9761E-07
   -8   2  2.1441E-06  0.0000E+00  0.0000E+00 -5.9968E-07
   -7   2 -1.3398E-05  0.0000E+00  0.0000E+00  5.1088E-06
   -6   2 -3.1794E-05  0.0000E+00  0.0000E+00  3.9018E-05
   -5   2  5.2657E-05  0.0000E+00  0.0000E+00  1.3148E-04
   -4   2  1.1649E-04  0.0000E+00  0.0000E+00  1.2910E-04
   -3   2  4.5515E-04  0.0000E+00  0.0000E+00  7.2234E-04
   -2   2  2.9807E-04  0.0000E+00  0.0000E+00 -2.2220E-05
   -1   2  2.3968E-03  0.0000E+00  0.0000E+00 -6.0509E-03
    0   2 -9.2566E-02  0.0000E+00  0.0000E+00  1.4240E-02
    1   2  2.2714E-02  0.0000E+00  0.0000E+00  1.8030E-02
    2   2  1.9006E-03  0.0000E+00  0.0000E+00  2.1979E-03
    3   2 -2.9459E-04  0.0000E+00  0.0000E+00 -4.5556E-04
    4   2 -1.4176E-04  0.0000E+00  0.0000E+00 -1.2842E-04
    5   2  7.5672E-05  0.0000E+00  0.0000E+00 -3.1033E-05
    6   2  9.4133E-06  0.0000E+00  0.0000E+00 -3.2159E-05
    7   2 -1.7785E-05  0.0000E+00  0.0000E+00 -1.4279E-05
    8   2 -7.1154E-06  0.0000E+00  0.0000E+00 -2.1721E-06
    9   2  5.2100E-07  0.0000E+00  0.0000E+00 -1.9725E-08
   10   2  5.8379E-07  0.0000E+00  0.0000E+00 -2.6800E-07
  -10   3 -3.8427E-07  0.0000E+00  0.0000E+00 -1.4796E-07
   -9   3 -7.3738E-07  0.0000E+00  0.0000E+00  1.5483E-07
   -8   3  1.5628E-06  0.0000E+00  0.0000E+00 -5.3225E-08
   -7   3  4.3739E-06  0.0000E+00  0.0000E+00 -3.3608E-06
   -6   3 -7.0813E-06  0.0000E+00  0.0000E+00 -9.0967E-06
   -5   3 -3.8005E-05  0.0000E+00  0.0000E+00 -6.6184E-06
   -4   3  1.9915E-05  0.0000E+00  0.0000E+00 -4.9179E-05
   -3   3  2.2441E-04  0.0000E+00  0.0000E+00  1.4271E-04
   -2   3  3.9900E-04  0.0000E+00  0.0000E+00  8.8073E-04
   -1   3 -1.2907E-03  0.0000E+00  0.0000E+00  4.1201E-03
    0   3 -3.5427E-02  0.0000E+00  0.0000E+00  3.4747E-02
    1   3  1.6043E-02  0.0000E+00  0.0000E+00  1.0452E-02
    2   3  2.8814E-03  0.0000E+00  0.0000E+00  2.8874E-03
    3   3  2.8951E-04  0.0000E+00  0.0000E+00  4.1817E-04
    4   3 -2.0110E-05  0.0000E+00  0.0000E+00 -3.1952E-05
    5   3 -3.3865E-05  0.0000E+00  0.0000E+00  1.6368E-05
    6   3  4.4379E-06  0.0000E+00  0.0000E+00  1.2141E-06
    7   3  2.6673E-06  0.0000E+00  0.0000E+00 -1.7995E-06
    8   3 -1.3342E-06  0.0000E+00  0.0000E+00 -1.4710E-06
    9   3 -9.1561E-07  0.0000E+00  0.0000E+00  2.0334E-08
   10   3  5.7335E-08  0.0000E+00  0.0000E+00  9.2625E-08
  -10   4  3.6273E-08  0.0000E+00  0.0000E+00 -4.3827E-08
   -9   4 -8.1843E-08  0.0000E+00  0.0000E+00 -1.5220E-08
   -8   4 -3.9063E-07  0.0000E+00  0.0000E+00  4.8752E-07
   -7   4  2.3133E-07  0.0000E+00  0.0000E+00  1.4045E-06
   -6   4  2.0847E-06  0.0000E+00  0.0000E+00  2.9073E-06
   -5   4  2.1806E-06  0.0000E+00  0.0000E+00  7.5967E-06
   -4   4  1.6802E-05  0.0000E+00  0.0000E+00  9.9184E-06
   -3   4  1.0102E-04  0.0000E+00  0.0000E+00  5.0406E-05
   -2   4  3.2351E-04  0.0000E+00  0.0000E+00 -1.7838E-05
   -1   4  1.5952E-03  0.0000E+00  0.0000E+00  1.5828E-04
    0   4 -1.4306E-02  0.0000E+00  0.0000E+00  4.7980E-03
    1   4  8.8403E-03  0.0000E+00  0.0000E+00  6.1636E-03
    2   4  2.2498E-03  0.0000E+00  0.0000E+00  2.0405E-03
    3   4  3.3578E-04  0.0000E+00  0.0000E+00  3.0760E-04
    4   4  3.3145E-06  0.0000E+00  0.0000E+00 -5.0859E-06
    5   4 -1.7507E-05  0.0000E+00  0.0000E+00 -8.5860E-06
    6   4 -7.8559E-06  0.0000E+00  0.0000E+00 -5.9339E-06
    7   4 -2.4781E-06  0.0000E+00  0.0000E+00 -1.8019E-06
    8   4 -8.1708E-07  0.0000E+00  0.0000E+00 -6.7569E-07
    9   4 -3.6499E-07  0.0000E+00  0.0000E+00 -2.1517E-07
   10   4 -1.0492E-07  0.0000E+00  0.0000E+00  8.6671E-09
  -10   5 -3.8912E-08  0.0000E+00  0.0000E+00  6.2334E-09
   -9   5 -1.6165E-07  0.0000E+00  0.0000E+00  1.5742E-08
   -8   5 -3.3523E-07  0.0000E+00  0.0000E+00  6.9391E-08
   -7   5 -4.2933E-07  0.0000E+00  0.0000E+00 -4.1985E-08
   -6   5 -1.3347E-06  0.0000E+00  0.0000E+00 -1.1955E-06
   -5   5 -4.4245E-06  0.0000E+00  0.0000E+00 -4.1097E-06
   -4   5 -2.1583E-07  0.0000E+00  0.0000E+00 -1.5864E-05
   -3   5  5.7061E-05  0.0000E+00  0.0000E+00  2.2235E-05
   -2   5  1.4411E-04  0.0000E+00  0.0000E+00  1.8425E-04
   -1   5  9.1575E-04  0.0000E+00  0.0000E+00  1.1715E-03
    0   5 -7.9324E-03  0.0000E+00  0.0000E+00  3.7799E-03
    1   5  5.4225E-03  0.0000E+00  0.0000E+00  3.6570E-03
    2   5  1.8674E-03  0.0000E+00  0.0000E+00  1.7636E-03
    3   5  3.8139E-04  0.0000E+00  0.0000E+00  3.7545E-04
    4   5  6.5081E-06  0.0000E+00  0.0000E+00  8.4886E-06
    5   5 -1.9293E-05  0.0000E+00  0.0000E+00 -8.0342E-06
    6   5 -7.8688E-06  0.0000E+00  0.0000E+00 -5.7124E-06
    7   5 -2.3065E-06  0.0000E+00  0.0000E+00 -2.2120E-06
    8   5 -9.7980E-07  0.0000E+00  0.0000E+00 -8.3725E-07
    9   5 -3.7340E-07  0.0000E+00  0.0000E+00 -2.5744E-07
   10   5 -1.1050E-07  0.0000E+00  0.0000E+00 -7.0866E-08
  -10   6  3.3994E-08  0.0000E+00  0.0000E+00  1.1357E-08
   -9   6 -4.0582E-09  0.0000E+00  0.0000E+00  7.3921E-09
   -8   6 -2.7929E-07  0.0000E+00  0.0000E+00  1.3367E-07
   -7   6 -5.3196E-07  0.0000E+00  0.0000E+00  5.4523E-07
   -6   6  2.3868E-07  0.0000E+00  0.0000E+00  9.6722E-07
   -5   6  3.2569E-06  0.0000E+00  0.0000E+00 -2.0937E-07
   -4   6  7.4779E-06  0.0000E+00  0.0000E+00 -1.2142E-05
   -3   6  5.1121E-05  0.0000E+00  0.0000E+00 -3.2974E-05
   -2   6  1.0126E-04  0.0000E+00  0.0000E+00 -1.0272E-04
   -1   6  9.3735E-04  0.0000E+00  0.0000E+00  2.1684E-04
    0   6 -5.0519E-03  0.0000E+00  0.0000E+00  7.2739E-05
    1   6  3.2227E-03  0.0000E+00  0.0000E+00  2.1630E-03
    2   6  1.3546E-03  0.0000E+00  0.0000E+00  1.2348E-03
    3   6  3.3207E-04  0.0000E+00  0.0000E+00  3.1867E-04
    4   6  1.6032E-05  0.0000E+00  0.0000E+00  2.7029E-05
    5   6 -1.5121E-05  0.0000E+00  0.0000E+00 -1.0398E-05
    6   6 -9.0692E-06  0.0000E+00  0.0000E+00 -6.3401E-06
    7   6 -3.0975E-06  0.0000E+00  0.0000E+00 -2.3674E-06
    8   6 -9.5478E-07  0.0000E+00  0.0000E+00 -7.5973E-07
    9   6 -3.1026E-07  0.0000E+00  0.0000E+00 -2.4927E-07
   10   6 -1.0614E-07  0.0000E+00  0.0000E+00 -6.5679E-08
  -10   7 -1.4562E-08  0.0000E+00  0.0000E+00  2.1952E-08
   -9   7 -2.4899E-08  0.0000E+00  0.0000E+00  2.9057E-08
   -8   7 -1.4402E-07  0.0000E+00  0.0000E+00  7.6592E-08
   -7   7 -6.0675E-07  0.0000E+00  0.0000E+00  2.8128E-07
   -6   7 -1.2775E-06  0.0000E+00  0.0000E+00  6.9717E-07
   -5   7  3.0795E-07  0.0000E+00  0.0000E+00  5.2835E-07
   -4   7  8.0296E-06  0.0000E+00  0.0000E+00 -7.5486E-06
   -3   7  4.8927E-05  0.0000E+00  0.0000E+00 -1.1421E-05
   -2   7  6.0636E-05  0.0000E+00  0.0000E+00 -4.1930E-05
   -1   7  6.0215E-04  0.0000E+00  0.0000E+00  2.2911E-04
    0   7 -3.5573E-03  0.0000E+00  0.0000E+00 -3.2953E-04
    1   7  2.1083E-03  0.0000E+00  0.0000E+00  1.4068E-03
    2   7  1.0214E-03  0.0000E+00  0.0000E+00  9.3989E-04
    3   7  2.9251E-04  0.0000E+00  0.0000E+00  2.7502E-04
    4   7  2.2896E-05  0.0000E+00  0.0000E+00  3.4036E-05
    5   7 -1.2851E-05  0.0000E+00  0.0000E+00 -8.2557E-06
    6   7 -7.9302E-06  0.0000E+00  0.0000E+00 -6.1046E-06
    7   7 -2.9869E-06  0.0000E+00  0.0000E+00 -2.5772E-06
    8   7 -1.0153E-06  0.0000E+00  0.0000E+00 -8.3203E-07
    9   7 -3.1446E-07  0.0000E+00  0.0000E+00 -2.5594E-07
   10   7 -9.2185E-08  0.0000E+00  0.0000E+00 -6.9345E-08
  -10   8 -3.9327E-09  0.0000E+00  0.0000E+00  1.5618E-08
   -9   8 -1.7756E-08  0.0000E+00  0.0000E+00  2.0554E-08
   -8   8 -1.0706E-07  0.0000E+00  0.0000E+00  9.4645E-08
   -7   8 -3.8010E-07  0.0000E+00  0.0000E+00  3.2694E-07
   -6   8 -8.0905E-07  0.0000E+00  0.0000E+00  7.6592E-07
   -5   8  2.0564E-07  0.0000E+00  0.0000E+00  5.0307E-07
   -4   8  7.7604E-06  0.0000E+00  0.0000E+00 -8.2489E-06
   -3   8  4.6974E-05  0.0000E+00  0.0000E+00 -2.4636E-05
   -2   8  5.7916E-05  0.0000E+00  0.0000E+00 -8.4041E-05
   -1   8  4.4951E-04  0.0000E+00  0.0000E+00  4.7771E-05
    0   8 -2.1853E-03  0.0000E+00  0.0000E+00 -7.2865E-04
    1   8  1.3426E-03  0.0000E+00  0.0000E+00  8.7008E-04
    2   8  7.3936E-04  0.0000E+00  0.0000E+00  6.7631E-04
    3   8  2.4548E-04  0.0000E+00  0.0000E+00  2.2761E-04
    4   8  2.9388E-05  0.0000E+00  0.0000E+00  3.9231E-05
    5   8 -1.0432E-05  0.0000E+00  0.0000E+00 -5.8183E-06
    6   8 -7.4759E-06  0.0000E+00  0.0000E+00 -5.5670E-06
    7   8 -2.8924E-06  0.0000E+00  0.0000E+00 -2.4915E-06
    8   8 -9.6579E-07  0.0000E+00  0.0000E+00 -8.2842E-07
    9   8 -3.1121E-07  0.0000E+00  0.0000E+00 -2.5592E-07
   10   8 -9.0438E-08  0.0000E+00  0.0000E+00 -7.0943E-08
  -10   9 -1.8438E-08  0.0000E+00  0.0000E+00  2.2186E-08
   -9   9 -1.3294E-08  0.0000E+00  0.0000E+00  1.9367E-08
   -8   9 -6.2399E-08  0.0000E+00  0.0000E+00  2.3103E-08
   -7   9 -4.1221E-07  0.0000E+00  0.0000E+00  2.1252E-07
   -6   9 -1.2147E-06  0.0000E+00  0.0000E+00  7.2011E-07
   -5   9 -1.0726E-06  0.0000E+00  0.0000E+00  1.2824E-06
   -4   9  4.8283E-06  0.0000E+00  0.0000E+00 -6.0410E-06
   -3   9  4.5779E-05  0.0000E+00  0.0000E+00 -2.1043E-05
   -2   9  5.7241E-05  0.0000E+00  0.0000E+00 -6.6089E-05
   -1   9  3.1758E-04  0.0000E+00  0.0000E+00  2.5443E-05
    0   9 -1.2148E-03  0.0000E+00  0.0000E+00 -7.6214E-04
    1   9  8.9678E-04  0.0000E+00  0.0000E+00  5.5286E-04
    2   9  5.3945E-04  0.0000E+00  0.0000E+00  5.0381E-04
    3   9  2.0299E-04  0.0000E+00  0.0000E+00  1.8375E-04
    4   9  3.0795E-05  0.0000E+00  0.0000E+00  3.6856E-05
    5   9 -7.2589E-06  0.0000E+00  0.0000E+00 -3.5845E-06
    6   9 -6.5448E-06  0.0000E+00  0.0000E+00 -4.8143E-06
    7   9 -2.7385E-06  0.0000E+00  0.0000E+00 -2.3358E-06
    8   9 -9.4903E-07  0.0000E+00  0.0000E+00 -7.9899E-07
    9   9 -2.9898E-07  0.0000E+00  0.0000E+00 -2.6158E-07
   10   9 -8.6926E-08  0.0000E+00  0.0000E+00 -7.4775E-08
 FSQR, FSQZ = Normalized Physical Force Residuals
 fsqr, fsqz = Preconditioned Force Residuals
 -----------------------
 BEGIN FORCE ITERATIONS
 -----------------------

